[Vertex]
V0=-5.25275,-5.40313,-49.0814
V1=5.25275,-5.40313,-49.0814
V2=-5.25275,5.43587,-49.0814
V3=5.25275,5.43587,-49.0814
V4=-5.25275,-5.40313,-0.219181
V5=5.25275,-5.40313,-0.219181
V6=-5.25275,5.43587,-0.219181
V7=5.25275,5.43587,-0.219181
V8=-3.57628e-007,7.01637,-68.8804
V9=-21.0,7.01637,-49.0814
V10=21.0,7.01637,-49.0814
V11=-3.57628e-007,7.01636,-108.478
V12=-21.0,-6.98363,-49.0814
V13=21.0,-6.98363,-49.0814
V14=-3.57628e-007,-6.98364,-108.478
V15=-3.57628e-007,-6.98363,-68.8804

[Faces]
F0=0,2,3,0.0,0.0,-1.0,4934608
F1=3,1,0,0.0,0.0,-1.0,4934608
F2=4,5,7,0.0,0.0,1.0,4934608
F3=7,6,4,0.0,0.0,1.0,4934608
F4=0,1,5,0.0,-1.0,0.0,4934608
F5=5,4,0,0.0,-1.0,0.0,4934608
F6=1,3,7,1.0,0.0,0.0,4934608
F7=7,5,1,1.0,0.0,0.0,4934608
F8=3,2,6,0.0,1.0,0.0,4934608
F9=6,7,3,0.0,1.0,0.0,4934608
F10=2,0,4,-1.0,0.0,0.0,4934608
F11=4,6,2,-1.0,0.0,0.0,4934608
F12=8,9,10,0.0,1.0,-1.62921e-007,4934608
F13=8,10,11,0.0,1.0,-1.62921e-007,4934608
F14=8,11,9,0.0,1.0,-1.62921e-007,4934608
F15=9,12,13,0.0,1.62921e-007,1.0,4934608
F16=9,13,10,0.0,1.62921e-007,1.0,4934608
F17=10,13,14,0.942809,0.0,-0.333333,4934608
F18=10,14,11,0.942809,0.0,-0.333333,4934608
F19=11,14,12,-0.942809,0.0,-0.333333,4934608
F20=11,12,9,-0.942809,0.0,-0.333333,4934608
F21=12,15,13,0.0,-1.0,1.62921e-007,4934608
F22=13,15,14,0.0,-1.0,1.62921e-007,4934608
F23=14,15,12,0.0,-1.0,1.62921e-007,4934608

[Header]
Signature=3D File Format
RefPoint=0,0,0
VertexNum=16
FaceNum=24

